1 1 0 13632 1 0.4
2 1 0 20035 1 0.4
3 1 0 16319 1 0.4
4 1 0 12603 1 0.4
5 2 0 23079 1 0.4
6 2 0 19652 1 0.4
7 2 0 16211 1 0.4
8 2 0 22914 1 0.4
9 3 0 23710 1 0.4
10 3 0 23036 1 0.35
11 3 0 38414 1 0.35
12 3 0 46906 1 0.35
13 4 0 58608 1 0.35
14 4 0 51225 1 0.35
15 4 1 37339 1 0.35
16 4 1 20298 1 0.3
17 5 1 13699 1 0.3
18 5 1 11944 1 0.3
19 5 1 10658 1 0.3
20 5 1 9756 1 0.3
21 6 1 9546 1 0.3
22 6 1 16713 1 0.3
23 6 1 16389 1 0.3
24 6 1 23179 1 0.3
25 7 1 34999 1 0.3
26 7 1 35267 1 0.3
27 7 1 20402 1 0.3
28 7 1 21020 1 0.3
29 8 1 16612 1 0.3
30 8 1 14834 1 0.3
31 8 1 11149 1 0.3
32 8 1 16035 1 0.3
33 9 1 18555 1 0.3
34 9 1 17413 1 0.3
35 9 1 19412 1 0.3
36 9 1 20240 1 0.3
37 10 1 11824 1 0.3
38 10 1 17793 1 0.3
39 10 1 20157 1 0.3
40 10 1 18623 1 0.3
41 11 1 19062 1 0.3
42 11 1 20840 1 0.3
43 11 1 18972 1 0.3
44 11 1 19690 1 0.3
45 12 1 20206 1 0.3
46 12 1 23081 1 0.3
47 12 1 21209 1 0.3
48 12 1 13753 1 0.35
49 13 0 14956 1 0.35
50 13 0 13295 1 0.35
51 13 0 16935 1 0.35
52 13 0 24499 1 0.35
53 1 0 20078 1 0.35
54 1 0 24144 1 0.35
55 1 0 26157 1 0.35
56 1 0 22055 1 0.35
57 2 0 21973 1 0.35
58 2 0 23794 1 0.35
59 2 0 23116 1 0.35
60 2 0 23578 1 0.35
61 3 0 21568 1 0.35
62 3 0 17494 0 0.35
63 3 0 16260 0 0.35
64 3 0 26690 0 0.35
65 4 0 21723 0 0.35
66 4 0 30625 0 0.35
67 4 0 36618.5 0 0.35
68 4 0 42182 0 0.3
69 5 0 47432 0 0.25
70 5 0 43822 1 0.3
71 5 0 36457.63 1 0.3
72 5 0 29093.34 1 0.3
73 6 1 21729 1 0.3
74 6 1 21265 1 0.3
75 6 1 18505 1 0.3
76 6 1 14540 0 0.3
77 7 1 19366 0 0.3
78 7 1 55732 0 0.25
79 7 1 42346 0 0.15
80 7 1 28960 0 0.15
81 8 1 30434 0 0.15
82 8 1 26139 0 0.15
83 8 1 31075 0 0.15
84 8 1 29433 0 0.15
85 9 1 29136 0 0.15
86 9 1 31126 0 0.15
87 9 1 35384 0 0.15
88 9 1 36701 0 0.15
89 10 1 37771 0 0.15
90 10 1 38247 0 0.15
91 10 1 39518 0 0.15
92 10 1 30603 0 0.15
93 11 1 28383 0 0.125
94 11 1 24678 0 0.125
95 11 1 27839 0 0.125
96 11 1 26767 0 0.125
97 12 1 24041 0 0.125
98 12 1 23355 0 0.2
99 12 1 26491 0 0.2
100 12 1 20900 0 0.2
101 13 0 26410 0 0.2
102 13 0 26195 0 0.2
103 13 0 22427 0 0.2
104 13 0 27535 0 0.125
105 1 0 25738 0 0.125
106 1 0 23429 0 0.125
107 1 0 32745 0 0.125
108 1 0 37950 0 0.125
109 2 0 41466 1 0.2
110 2 0 49276 1 0.2
111 2 0 37850 1 0.2
112 2 0 32893 1 0.2
113 3 0 24410 1 0.2
114 3 0 15104 1 0.2
115 3 0 13819 1 0.2
116 3 0 22959 1 0.25
117 4 0 14486 1 0.25
118 4 0 15254 1 0.25
119 4 0 16607 1 0.25
120 4 1 17475 1 0.25
121 5 1 12704 1 0.25
122 5 1 14399 1 0.25
123 5 1 12023 1 0.25
124 5 1 9626 1 0.25
125 6 1 6482 1 0.25
126 6 1 10520 1 0.25
127 6 1 12588 1 0.25
128 6 1 12468 1 0.25
129 7 1 10930 1 0.25
130 7 1 10997 1 0.25
131 7 1 8618 1 0.25
132 7 1 4810 1 0.25
133 8 1 5832 1 0.25
134 8 1 8536 1 0.25
135 8 1 11204 1 0.25
136 8 1 10591 1 0.25
137 9 1 9978 1 0.25
138 9 1 9374 1 0.25
139 9 1 19466 1 0.25
140 9 1 23085 1 0.25
141 10 1 18981 1 0.25
142 10 1 16595 1 0.25
143 10 1 13182 1 0.25
144 10 1 11626 1 0.25
145 11 1 12996 1 0.25
146 11 1 14852 1 0.25
147 11 1 11508 1 0.25
148 11 1 12996 1 0.25
149 12 1 17942 1 0.25
150 12 1 15498 1 0.25
151 12 1 18121 1 0.25
152 12 1 17914 1 0.25
153 13 0 21217 1 0.3
154 13 0 22418 1 0.3
155 13 0 26230 1 0.3
156 13 0 26458 1 0.3
157 1 0 36168 1 0.3
158 1 0 30721 1 0.3
159 1 0 41071 1 0.3
160 1 0 28865 1 0.3
161 2 0 29221 1 0.3
162 2 0 22245 1 0.3
163 2 0 20377 1 0.3
164 2 0 36343 0 0.3
165 3 0 33227 1 0.3
166 3 0 33806 1 0.3
167 3 0 43998 1 0.3
168 3 0 45342 1 0.3
169 4 0 45659 1 0.3
170 4 0 30864 1 0.3
171 4 0 16522 1 0.3
172 4 1 20085 1 0.3
173 5 1 18262 0 0.25
174 5 1 19415 0 0.25
175 5 1 22792 1 0.25
176 5 1 23903 1 0.25
177 6 1 14761 1 0.25
178 6 1 10901 1 0.25
179 6 1 14868 1 0.25
180 6 1 17271 1 0.25
181 7 1 16179 1 0.25
182 7 1 15576 1 0.25
183 7 1 12292 1 0.25
184 7 1 7627 1 0.25
185 8 1 9888 1 0.25
186 8 1 11080 1 0.25
187 8 1 13782 1 0.25
188 8 1 15181 1 0.25
189 9 1 11906 1 0.25
190 9 1 14763 1 0.25
191 9 1 22934 1 0.25
192 9 1 23252 0 0.25
193 10 1 25164 0 0.2
194 10 1 33879 1 0.2
195 10 1 32428 1 0.25
196 10 1 31256 1 0.25
197 11 1 27805 1 0.25
198 11 1 34663 1 0.25
199 11 1 30187 1 0.25
200 11 1 27277 1 0.25
201 12 1 29521 1 0.25
202 12 1 31280 1 0.25
203 12 1 30601 1 0.25
204 12 1 31553 1 0.25
205 13 0 42735 1 0.3
206 13 0 28241 1 0.3
207 13 0 29221 1 0.3
208 13 0 27894 1 0.3
209 1 0 21911 1 0.3
210 1 0 16685 1 0.3
211 1 0 23504 1 0.2
212 1 0 41210 1 0.3
213 2 0 35058 1 0.3
214 2 0 27065 1 0.3
215 2 0 29404 0 0.3
216 2 0 25269 0 0.3
217 3 0 29219 0 0.3
218 3 0 29291 0 0.3
219 3 0 29217 0 0.3
220 3 0 32643 0 0.3
221 4 0 37902 0 0.2
222 4 0 53282 0 0.15
223 4 0 70793 0 0.15
224 4 0 76407 0 0.15
225 5 0 65944 0 0.15
226 5 0 51242 0 0.15
227 5 1 42464 0 0.15
228 5 1 36603 0 0.15
229 6 1 32376 0 0.15
230 6 1 37927 0 0.15
231 6 1 37905 0 0.15
232 6 1 34782 0 0.15
233 7 1 43146 0 0.15
234 7 1 38104 1 0.15
235 7 1 41901 1 0.2
236 7 1 25829 1 0.2
237 8 1 15480 1 0.2
238 8 1 18461 1 0.2
239 8 1 20716 0 0.25
240 8 1 14492 0 0.25
241 9 1 13004 0 0.25
242 9 1 16754 0 0.25
243 9 1 23268 0 0.25
244 9 1 18972 0 0.15
245 10 1 15531 0 0.15
246 10 1 17154 0 0.15
247 10 1 23416 0 0.15
248 10 1 26541 0 0.15
249 11 1 33592 1 0.15
250 11 1 36235 1 0.25
251 11 1 22372 1 0.25
252 11 1 23876 1 0.25
253 12 1 31600 1 0.25
254 12 1 31419 0 0.25
255 12 1 27814 1 0.25
256 12 1 32530 1 0.25
257 13 1 33624 1 0.25
258 13 0 34718 1 0.25
259 13 0 35812 1 0.25
260 13 0 26844 1 0.25
261 1 0 16938 1 0.25
262 1 0 19362 1 0.2
263 1 0 29761 0 0.2
264 1 0 43777 0 0.2
265 2 0 32995 0 0.2
266 2 0 50340 1 0.2
267 2 0 52131 1 0.25
268 2 0 30913 1 0.25
269 3 0 22887 1 0.25
270 3 0 30911 1 0.25
271 3 0 36354 0 0.25
272 3 0 38989 0 0.2
273 4 0 47087 0 0.2
274 4 0 44805 0 0.2
275 4 0 46694 0 0.2
276 4 0 54188 0 0.2
277 5 0 40650 0 0.2
278 5 0 34674 0 0.2
279 5 0 27430 0 0.2
280 5 0 53360 0 0.15
281 6 1 43018 0 0.15
282 6 1 33691 0 0.15
283 6 1 27424 0 0.15
284 6 1 30120 0 0.15
285 7 1 30488 0 0.15
286 7 1 31223 0 0.15
287 7 1 21562 0 0.15
288 7 1 24892 0 0.15
289 8 1 20864 0 0.15
290 8 1 19128 0 0.15
291 8 1 9778 0 0.2
292 8 1 7528 0 0.2
293 9 1 15773 0 0.2
294 9 1 10737 0 0.15
295 9 1 20881 0 0.15
296 9 1 20970 0 0.15
297 10 1 22835 0 0.15
298 10 1 30986 0 0.15
299 10 1 35308 0 0.15
300 10 1 40034 0 0.15
301 11 1 44776 0 0.15
302 11 1 36288 0 0.2
303 11 1 27158 0 0.2
304 11 1 14622 0 0.2
305 12 1 15259 0 0.2
306 12 1 14680 0 0.2
307 12 1 15114 0 0.2
308 12 1 17686 1 0.2
309 13 1 36336 1 0.2
310 13 0 22569 1 0.2
311 13 0 23342 1 0.2
312 13 0 21269 1 0.2
313 1 0 18340 1 0.2
314 1 0 19440 1 0.25
315 1 0 17056 0 0.25
316 1 0 10713 0 0.25
317 2 0 12836 0 0.25
318 2 0 12344 0 0.25
319 2 0 17868 0 0.25
320 2 0 22789 0 0.25
321 3 0 34851 0 0.25
322 3 0 29997 0 0.25
323 3 0 34010 0 0.25
324 3 0 19686 1 0.25
325 4 0 14757 1 0.25
326 4 0 16502 1 0.25
327 4 0 11490 1 0.25
328 4 0 7843 1 0.25